BinA:[-1.4729738871519653,3.932977220417662,0.6910354274161503, 0.7228208893327438]
Bin_B:[ -0.9845324187022235,3.86460162719185,0.6748375106018681,0.7379663503742384]
Bookshelf:[ -1.0792491661532884,-0.24242910440614884,0.748697027641836, -0.6629123326657003]
Box:[ 1.3009686691979576, 3.8654883734178687,-0.6403371985871381, 0.7680939214090788]
ChairA:[ 1.0267985342810837, 0.2764078179968366, -0.029452429362069064, 0.9995661831037863]
ChairB:[1.0440840856904674,-0.5796428079395924, -0.07126129766746672,0.997457682037062]
LongTable:[  0.058383408264775526,3.5643482002831792, 0.6655312530891652, 0.7463699827575903]
TableA:[0.09134712973177836,2.213244776021766, -0.7341238330880325, 0.6790156093140529]
TableB:[ 1.396943567006482, 1.934487552113917,-0.7463184934944097,0.6655889919974901]  
